Graf drzewa:
========================
            -0.32
            1
        2 
            3
            3.45
    4 
            5
        6 
            7
8 
            9
        10 
            47
        54 
            57
    75 
            271
        284 
            382
        472 
            598
========================
Zaktualizowany graf drzewa:
========================
            -0.32
            1
        2 
            3
            3.45
    4 
            5
        6 
            7
8 
            9
        10 
            23
            47
    54 
            56
        57 
            67
    75 
            271
        284 
            382
        472 
            598
========================